[gd_scene load_steps=6 format=3 uid="uid://cl6mo4ed5xv62"]

[ext_resource type="Script" path="res://character_2.gd" id="1_3trxw"]
[ext_resource type="Texture2D" uid="uid://c456hx72ia2dj" path="res://enemy/assets/assets/sprite test.png" id="2_qb2jg"]

[sub_resource type="QuadMesh" id="QuadMesh_dlc0n"]

[sub_resource type="StandardMaterial3D" id="StandardMaterial3D_2hsx5"]
transparency = 1
albedo_texture = ExtResource("2_qb2jg")
billboard_mode = 1

[sub_resource type="CapsuleShape3D" id="CapsuleShape3D_7kn4q"]

[node name="Character test" type="CharacterBody3D"]
script = ExtResource("1_3trxw")

[node name="MeshInstance3D" type="MeshInstance3D" parent="."]
mesh = SubResource("QuadMesh_dlc0n")
surface_material_override/0 = SubResource("StandardMaterial3D_2hsx5")

[node name="CollisionShape3D" type="CollisionShape3D" parent="."]
transform = Transform3D(1, 0, 0, 0, 1, 0, 0, 0, 1, -0.00923729, 0, 0)
shape = SubResource("CapsuleShape3D_7kn4q")

[node name="CameraPivot" type="Node3D" parent="."]
transform = Transform3D(0.991315, -0.125824, 0.0382312, 0.0406249, 0.569515, 0.820976, -0.125072, -0.812293, 0.569682, 0.192838, 0.364884, 1.14244)

[node name="Camera3D" type="Camera3D" parent="CameraPivot"]
transform = Transform3D(1, -3.72529e-09, 1.63913e-07, 0, 0.866026, -0.5, 2.98023e-08, 0.5, 0.866025, 0, 0.0585467, 0.0270523)

[node name="SpotLight" type="SpotLight3D" parent="CameraPivot"]
transform = Transform3D(1, 0, 0, 0, 0.906308, -0.422618, 0, 0.422618, 0.906307, 0.040658, -0.030842, 0.103489)
light_energy = 4.888
spot_range = 40.0
